501090
732811
931546
612328
249820
759556
815103
271125
19759
439180
428943
266894
416045
613999
462070
580929
496918
846498
832782
708553
530610
552604
244139
230716
288921
412034
945538
928272
756420
596473
40367
802100
705891
470385
75178
678558
149358
838888
148332
572318
556361
29469
942284
175939
757644
92700
952753
741531
90222
211857
523645
537898
838154
220772
297649
995288
860024
964108
421535
602940
317399
364038
173607
372363
64097
32154
464051
380376
708816
278864
5049
908259
486402
815120
532112
741076
982974
226163
835231
378656
395858
718792
535309
398689
426426
990109
920586
827892
655843
194013
344303
482265
793498
681582
854297
464038
317149
340092
293579
295661
105417
837087
975896
972085
267213
607836
689376
374548
758252
392784
203310
14420
262944
425219
586322
382932
242046
553756
461652
713719
307867
775813
223486
43560
155312
284890
886299
623096
356868
395499
724560
300975
789518
637623
468637
997269
522026
672157
480460
208416
135310
748127
657121
712122
392765
37861
476353
574236
63891
223923
519324
502152
962109
556979
321307
122997
638896
483872
125133
359279
774450
874277
64428
93793
123224
79282
307076
602221
458009
291369
573109
130191
57827
720055
391114
222892
500682
340325
504553
999462
803311
786055
785793
601754
745613
202213
895286
988622
615849
810690
810888
405970
659358
574448
718707
232449
126449
142601
339692
137208
283421
1908
332544
592952
159066
674713
340863
36112
777955
64042
399245
947651
610469
241052
510079
667012
558923
855120
459954
129564
165211
832969
661864
271841
201843
97980
29971
411047
47906
597993
493819
578548
623822
440020
828819
444533
60942
187834
547715
830034
121351
378151
214320
342778
518149
277665
726004
574906
756642
869183
937205
880324
864544
965894
687793
962463
50837
700270
525239
577789
333478
377784
545218
944700
802878
419575
287232
824727
750277
684082
647828
835791
550715
219148
561345
87825
263691
453114
259704
316579
297167
303372
137609
590112
93469
547333
795479
785139
166870
281577
980234
189664
658220
109389
971252
366288
721676
306138
585061
39706
782005
725130
323501
20771
566190
328122
850634
519676
312667
739644
326048
803260
210990
731909
896068
32232
226308
473776
651828
654253
295447
629478
918734
167835
232817
995575
72355
541222
878887
721794
793267
614181
401028
472264
247862
367966
689852
680543
661683
660316
56391
961160
99463
859771
545691
42402
389503
507221
479561
784181
627166
282236
417533
474312
912034
87020
77218
838839
876760
453938
89070
838803
787917
464880
801671
950423
598224
480064
561170
983410
212132
242639
888240
303704
220649
484917
274693
708411
982030
828992
504871
354996
442581
173192
517747
707072
38841
581620
203011
677114
374406
553325
776217
428574
809831
271820
179560
135828
424680
715410
301343
970155
614044
337182
821198
187560
826732
395427
259931
752798
464059
139085
652124
70543
486510
95097
595425
564865
573698
101076
77437
407501
374031
161676
146065
678420
646004
734703
877772
71836
655530
869732
899505
701533
487419
381068
976374
744662
237361
365630
163095
279511
783811
334221
49799
510404
988353
994079
200443
87361
919610
885972
980064
433509
721011
844999
899449
911707
279847
747821
430276
924751
342582
97618
480308
702741
983187
253993
697773
634248
809892
527191
160068
510154
101277
863644
741419
595311
812636
468919
338491
170027
572138
761529
567359
836648
796937
868172
611296
305301
164240
476871
345546
410243
18678
158655
586392
112485
842420
867278
260782
812747
971122
540573
256513
324011
415722
741572
728021
49972
10127
663519
700308
214341
325812
858038
531760
833745
683764
373207
580043
857202
478018
431001
282072
783430
19011
498515
950011
873176
394265
393914
468281
749687
799591
55302
637627
253509
414433
451180
722978
663853
442573
280149
874808
556332
771346
626763
703726
231863
366946
982885
962762
615425
563635
546918
324503
103254
592042
761572
804415
632386
135092
30166
472897
328126
886765
480434
74587
283757
891849
428050
228212
437995
359798
267506
977713
433428
286562
796986
12863
931868
435128
543521
290736
858449
445957
311318
499399
536362
238709
15661
390073
419406
176604
856840
975439
47028
751099
446301
48582
47935
63667
149428
202069
97541
544189
379340
556548
656216
866791
851062
871482
242152
18041
263426
195513
97828
820269
397281
839417
901501
364264
975737
850115
508546
113483
159473
257868
778734
78710
595861
107272
670616
686071
436708
457368
6550
232403
903267
402069
801782
937991
548909
409174
834953
74860
158600
839864
272512
394665
855065
370254
545929
671972
753048
621566
364076
354708
706774
171381
347553
703962
759543
649178
922768
625796
781855
593279
475835
875094
136709
295127
386484
106394
122062
618578
715528
335017
205804
30888
990228
806680
212152
431285
568619
152670
737100
238890
29219
947534
91768
742680
426950
123633
957368
590032
953611
5134
605158
279737
1075
306747
874170
301984
752210
302303
230116
978080
589399
100386
526026
518804
936860
99132
33193
809511
22472
674830
347003
369607
96756
593306
512588
683698
656215
145179
499528
48623
837016
123258
506677
477034
492036
823034
834514
433558
341358
343757
564966
808299
816462
384545
637543
780420
831194
738972
736105
943107
521702
777152
429708
669819
85746
871452
882322
687734
437657
705175
949773
716024
617269
32716
453169
466987
47849
512141
85001
181092
632507
670887
972951
21058
523755
220588
312494
770969
970001
642417
438857
422195
84397
268948
819898
857298
812332
404582
929720
437421
801974
611876
783679
284264
178786
513097
224189
555872
625656
743433
335416
444460
88875
949856
753201
811408
172419
183349
86585
656384
344027
390856
767059
197338
523154
225798
924490
547535
169012
107307
163909
706974
41410
212076
846693
278270
123276
1082
971607
459387
155026
18702
581989
642502
261639
646719
461859
369539
752703
631513
738912
861223
590342
849498
396633
839570
480580
329332
17891
768654
427515
758454
211652
197149
689570
465289
77310
808748
665744
572167
859543
665086
320984
267383
672583
600786
264385
270327
163455
865833
512146
607601
215059
873549
878923
261375
158470
455908
712609
151340
903694
135766
987461
584716
884847
87690
426663
99446
805067
17520
100830
56706
407252
798097
923120
921540
702569
988149
666726
926984
289162
503120
486031
705436
143017
343621
448752
976740
508648
663542
408096
584135
813263
296995
974755
712398
200485
826083
211251
715741
179003
972942
666215
763971
892233
6771
544661
277746
503810
415673
452149
395183
199957
984957
927632
179678
390208
392526
956862
295137
310365
232307
948878
553874
926000
800348
662651
185053
123689
561753
780417
495903
606632
877111
745982
908103
508644
631096
850246
496814
150920
592247
843219
993183
21031
475055
322532
30854
935829
534421
389343
97442
679160
429294
770778
474988
366354
680019
72477
530863
291359
610035
520040
991859
377331
802143
8161
971553
88070
938535
240787
729866
570484
701681
498683
137786
667884
429670
625024
444440
650304
682493
747318
378418
710967
920752
543971
590992
332774
65423
584161
584226
686020
693845
255445
85968
330103
671273
639926
350352
909608
988792
444397
880579
577938
553247
127589
447109
296752
578860
341238
400391
596449
397608
526388
291474
776385
737199
738468
211629
76835
536427
884680
195106
217666
910351
12837
970583
333073
336764
509947
443978
884496
59809
598172
284117
589114
430418
119868
288187
249861
435565
599291
852777
76665
901216
300334
603987
10266
221678
927462
267472
67301
766816
421453
976205
528761
531427
902258
749623
263821
321927
11418
277438
913055
909936
893858
171486
11913
523597
993588
998966
944584
938918
783827
886540
141870
771785
429195
356920
910931
628594
330709
931125
527279
177733
886613
796295
735333
554675
994144
226140
50107
770170
391736
988498
232222
506059
669354
906708
965984
174947
285224
343465
15315
119818
515541
190899
569387
977665
151151
348177
18775
481703
505840
40873
23068
691581
263152
154554
360153
642422
853982
415788
851080
298934
719911
760116
487108
444651
848103
770383
875436
172760
238986
956964
592123
409032
22658
102320
324538
860870
533993
991004
760827
370411
718816
829116
966124
429126
362966
662362
820359
165745
542041
679139
168427
929018
594206
191829
213801
893784
784141
475831
182014
740892
82599
793061
231987
24617
736660
231967
423951
595763
166229
243467
228015
433289
223826
936342
936389
970543
745259
221169
325955
949717
34856
879572
447996
869123
702949
279744
704960
735109
821494
330884
131001
797715
433748
490277
554020
287637
705595
761672
816406
859416
4504
669708
622632
857582
388453
558270
400715
272152
855526
574107
478090
194368
124612
656348
545233
435744
17631
132232
758826
591085
212747
503993
341737
354628
835023
367040
204587
937202
513829
119281
563027
802511
401904
287301
418371
603665
40780
165349
391852
676654
406943
113289
59680
492184
721647
829541
750028
501761
763064
700937
761404
45346
809924
336747
69877
413662
26473
113465
890652
666628
850384
833127
133374
878108
232583
62843
822468
723409
11285
962007
32247
843430
948633
883696
894416
468661
527924
298233
890596
48326
445456
7723
395758
383365
69952
571166
966234
228896
727868
804800
517033
914631
563026
38926
289669
641384
818439
29656
522623
653712
613705
866846
613991
668200
979155
348867
212543
132528
574034
408152
843240
351751
669249
163755
276615
838836
497869
926646
72008
943989
540865
172409
678714
54126
201526
384338
620508
629665
463415
586567
932032
302011
478694
929639
834541
33856
249178
820074
682535
609515
267184
531937
432172
226877
769789
370066
458174
639764
631559
263579
500236
307621
976506
746521
514054
920050
748511
644869
862928
319893
554570
650925
208740
111732
813022
583663
576874
349129
916592
386893
553069
623054
161448
954573
126180
623282
443353
667007
953238
638410
38728
873338
133607
345733
890342
421201
296853
76906
819769
345534
777218
522833
108961
855670
297880
375816
639468
342497
711696
340161
872055
706815
289397
848691
165177
227809
254740
276290
788408
118490
7982
300567
751958
745062
419705
85729
565022
312008
484211
721000
601702
57661
361740
539188
857636
719070
363552
630907
510849
381091
579740
140559
714252
549608
440085
857544
823145
224055
846824
229436
862157
972028
657130
5108
749210
956369
360336
289180
438525
396426
150966
929834
948817
707014
860299
250601
723862
787979
19975
618961
810821
246080
975857
224911
357086
874118
741109
918128
205762
701562
477692
510707
142640
423296
986820
18386
481053
459470
308134
864133
365046
876613
179884
472675
329806
858810
265620
940257
244210
311677
164776
413814
503765
137086
276370
94431
998456
16031
290766
343680
977138
669756
772969
501067
733780
400764
943552
504872
618930
991612
486337
705586
264191
690245
3903
911354
451827
645077
984182
976954
918498
340929
622785
127527
549010
257334
951374
231507
395642
923132
684484
393875
497085
616876
594386
851451
588578
971314
234472
134389
655287
733635
837442
62992
175427
484375
600207
405833
484337
780883
985665
137846
321579
98997
187054
790692
742218
202853
647832
89676
389578
159283
736740
663635
775657
655940
285593
445733
791274
14981
294015
992146
918860
950766
615213
5696
985394
171812
921853
819839
702430
189411
34412
447321
246671
561494
724311
573590
444984
593221
487379
519407
546711
368363
194482
787875
303469
193822
442073
683563
128030
487815
398230
300703
73107
313928
895144
788941
577464
188497
406819
436237
957490
877302
111949
68143
165728
915270
239000
464826
504998
872454
393504
845731
911571
208551
445579
918717
304865
219155
183889
646059
564058
842087
314783
180832
152084
164895
591875
266671
201284
490698
73637
811817
162879
251418
581135
167948
62215
324177
493673
149785
695532
876976
458310
835570
670289
39566
160981
2314
818897
300298
23829
493264
264234
977977
413349
432724
760539
51585
880586
420911
355355
262406
798883
481870
942409
9019
497654
353334
130485
914515
108071
85852
602660
62901
32764
513800
715756
476548
449941
666620
55665
821632
204112
667905
24884
183182
503994
36507
625060
430967
280526
703389
837926
555575
320457
258576
805198
816812
739995
47154
656326
272431
305713
492239
410040
797870
639910
205281
715562
674400
97058
181167
107912
453127
150757
395352
270805
613533
230908
935884
295065
36110
596792
975451
73164
478258
873961
971115
875259
73680
111436
437933
693789
933477
715452
432470
126215
466102
642125
728547
142891
799433
118831
813913
651923
979555
926250
658118
337289
98679
655954
354062
375722
665538
491529
721272
112761
416075
70751
483466
358990
925873
433034
743537
38600
342963
916341
589617
133364
535748
903881
208609
945628
59880
278019
15854
444855
487064
550657
916897
575714
966937
661791
389793
196746
551278
234231
851497
547595
250420
593635
413189
249702
827513
272940
446490
267884
356572
325185
935605
481892
623777
118455
161020
969004
195877
755911
317474
529996
292256
927040
764956
598968
245420
775865
682016
513210
673200
170379
940175
309813
455888
323052
948336
835794
200244
420919
755913
26285
135778
998577
708139
783601
723762
163523
478781
951967
539892
902523
637439
432632
199437
662790
659248
444932
690985
711734
868896
674341
170372
995811
112253
605991
248926
258594
980874
447933
678385
710940
772340
482701
71593
334955
579407
815745
699987
554574
78018
674683
545742
957075
228107
36915
746470
157436
501015
64468
145587
146964
319490
544228
657985
365062
213039
443814
777241
498227
194858
736420
498366
793916
958205
325270
950524
617382
59209
488529
374432
39135
103035
646590
593159
757827
650628
553348
568308
244129
645857
628797
473003
881647
385254
453834
348430
769248
450784
844953
731962
481946
916921
674447
426480
223351
477540
672254
728640
547468
98651
460610
763807
646543
903291
906596
37784
348118
772032
407344
607276
727421
302403
277157
680431
213916
984897
7051
197131
484778
847578
172416
532350
359453
624791
643402
934202
337854
312545
352131
625982
630473
456179
969983
369274
380256
75081
375356
18
756958
986259
900523
127051
867349
636859
721958
301098
178870
428869
271122
161220
842882
679847
64274
684463
481231
910587
584512
720133
973780
443328
746786
270030
514340
61130
734828
256472
943551
567558
890325
93940
221344
283600
424725
885799
744664
435719
220949
54603
225163
164641
905195
335752
311396
193825
570127
844527
939220
181793
889879
771368
122303
112504
317870
165988
506421
582824
571304
619119
662725
654963
196583
121922
126269
939589
718611
878841
366445
508540
437744
797355
515259
976577
899330
626445
489665
138344
250592
686688
505919
540247
432736
354620
995750
466326
941030
192733
761070
686512
876157
189486
911181
620332
60326
821501
294943
754925
128295
408229
860577
376923
390416
46503
985332
910769
249306
479486
870376
444125
62899
850984
456601
940188
711712
701075
456568
412666
95386
674689
787520
247555
7621
659505
345206
422162
629922
628272
236697
935294
191329
13830
83177
226895
513585
545054
41633
437880
568308
411733
614232
29544
291297
314036
278757
81471
544880
592646
583633
853790
949212
285053
46371
983913
144669
93078
502232
400803
784592
789048
21834
502382
208314
795258
840684
712120
252196
107827
532881
325815
649082
850906
98463
70463
593938
493487
279690
998818
298475
302717
272868
889008
59965
607940
920602
974949
790021
914243
88587
134713
496311
145725
72409
703194
450941
800485
872876
314485
856540
216299
823958
952831
474513
717399
561832
608979
510640
730065
492316
109259
514634
570508
164531
186785
937284
983973
389584
86326
630490
490458
539252
352184
864733
930698
872819
566652
208997
238450
736204
854253
987913
302480
995779
791367
90536
164969
630852
211333
534719
935083
384561
583092
505367
395809
539085
119414
266657
734316
846568
262902
801213
186034
786345
825204
307995
27609
718059
136369
267100
907977
4332
351079
386332
370097
569659
730866
615273
313786
426346
756327
348496
58110
910101
243767
413234
331818
588472
904693
302381
955622
930861
86242
909284
514585
187165
684499
371648
403486
966899
641870
347245
908544
418235
860262
501452
917778
811410
806182
737720
813046
210408
162575
408872
392567
825390
910226
395155
698019
743454
654378
73117
480034
453
137319
322569
269358
357815
240104
698020
495250
552876
881370
986748
448436
377717
21659
376311
788765
782556
915815
477628
213777
464467
492857
183376
898532
303288
701213
953586
199271
332197
830289
253909
286500
179681
48768
482976
334370
636514
981223
778600
337948
812952
765877
317377
607160
30317
551687
453114
347407
13781
172314
334217
503086
217223
999615
57783
458273
1773
75580
734292
166631
841098
972189
571820
579664
965815
330771
336108
383397
570220
141741
255385
182207
818706
655581
132348
616177
957418
903242
579820
841223
179668
5928
114255
660469
467271
287727
357787
367195
51397
545144
313137
846248
405507
907831
380463
328850
464521
377075
880255
29581
81371
353393
820220
111302
915595
751091
229583
582059
126656
298014
100757
775360
444416
953359
50427
280632
672021
201665
352397
175873
720729
613326
403471
763382
289341
595821
523810
910834
131973
116855
666034
695384
120208
344827
944119
601782
1210
579327
194915
926601
378700
275924
628728
561876
358803
759244
854878
252649
613755
359631
39393
242131
535899
244409
409000
793901
773767
461210
55914
955611
771567
399368
859132
149590
486159
45991
174628
191539
775296
207641
745716
324344
457568
382469
286876
837016
820691
706677
108547
364787
420467
404599
364982
668205
113866
173035
650460
285314
87369
196650
458301
483920
255425
226804
767186
74554
46974
887673
718823
501051
408262
113544
205277
496574
441319
347152
281892
393433
828478
437998
586481
260063
513807
243805
782529
377315
45127
355909
658314
720116
164063
146993
310006
107634
394311
551790
876679
328872
979120
489638
601758
913713
173364
941516
855583
796872
821809
597761
986496
686196
789370
948266
875810
431900
771908
544016
433571
391340
735997
754545
882157
200306
92649
812205
489135
40797
798888
114017
462999
226766
916795
149388
438913
327390
357039
170813
883770
135549
360246
135226
122509
620155
45918
273278
75025
568717
309322
238924
100603
645632
8176
846744
915575
328920
919019
143954
523033
848723
312558
24584
796430
241652
832166
243539
315373
48514
446314
948741
195197
375565
899752
713884
713790
734109
681610
369028
880763
742604
390307
176697
141802
95013
750278
331588
177651
679373
520797
365521
356347
579354
461762
569113
801095
667079
462064
240956
851806
676966
222109
359671
681993
990537
960028
769036
446533
800638
507820
278116
409162
984619
621565
336442
793406
530936
858281
889370
715819
486989
879366
467568
262238
516356
861525
55271
251321
328863
427338
289553
981359
294454
363507
307264
503450
978573
954723
736945
227173
559534
494160
668826
893876
204717
535537
768061
649955
904186
489928
650930
865686
184208
944589
428190
19309
397399
984724
661805
688835
51218
413207
782240
360992
892324
969158
262662
794783
445355
127529
371259
29995
186480
552170
603448
423680
482673
158993
758940
62645
396545
60781
852272
579134
206646
245861
297432
100154
343562
345930
334292
128451
274492
876066
779353
256355
639945
852137
167427
680825
61349
807249
888683
891832
468223
546960
642127
881559
454940
237513
342186
196570
306085
921549
355841
272469
523841
2931
941595
777992
83094
780459
279083
986167
169741
917744
285789
997571
731832
682253
619361
32192
90017
294112
688222
573418
291434
846932
564867
784416
169435
483095
693506
871283
775157
737786
124129
454514
122068
865032
881710
711235
195688
827530
436846
583143
50780
70493
394578
884502
706639
483409
529010
17566
682419
309502
354667
962751
520313
868165
792270
5337
757443
792208
731741
371199
466100
181097
147680
326495
691459
357955
57979
8666
598087
158289
271879
678623
675994
744904
208979
930019
666695
814796
675627
709569
258807
51253
318013
176805
380316
915704
637544
367768
72931
474451
528263
789945
81037
966039
193293
127021
45843
888333
787249
806348
502511
292829
737966
602659
63534
925139
692172
222410
522859
11148
633528
692953
827655
427813
470461
805735
434711
377099
419233
547059
402006
323824
979652
839211
316869
449219
385580
28863
43240
339263
868156
238634
390260
46149
432225
715825
582576
797610
107672
216321
368091
420431
748013
8240
214628
450519
708089
22398
463852
907213
11213
321387
878518
823715
967995
305827
679649
981169
579059
521555
391170
636616
166612
425018
910719
43512
489258
652005
200961
751560
378265
167786
210876
150761
613296
486333
139448
170454
288388
429874
790171
153068
197982
269575
879379
557522
669442
64430
990905
2127
68972
261850
378428
943729
508383
969463
927844
966780
758529
47386
170892
942492
239706
404143
883432
863854
527206
431338
816501
949559
639737
419258
804295
472308
127951
753358
752384
776626
321394
676129
296805
88866
53471
847911
18006
226668
889623
563398
861317
725157
934782
677977
677392
943204
267988
584960
593709
466418
261163
638967
276440
246964
463147
62926
95265
8306
410610
695558
585931
574550
749892
838559
175871
586752
31526
459848
229745
549434
713258
801590
247096
753150
929589
385417
634925
129138
425655
405122
528210
791681
312937
173162
405674
548206
953422
5774
766926
662379
269989
923940
771392
923832
892647
218874
606161
742537
597872
624651
817351
904066
472394
839441
922609
634595
745915
687995
891273
142388
2172
692757
535852
71177
681131
166443
840982
300757
727596
592304
601167
907906
478587
682782
275098
308065
417880
158443
690847
367336
578963
134843
991320
351288
917398
36188
791599
277133
299870
74552
164666
147003
831798
344193
552240
724384
117305
375169
24023
480175
316996
195647
764577
52839
203683
792355
98587
711987
159841
214041
99872
806666
2674
511368
85028
672574
853815
563823
267765
902168
531019
914766
98099
446610
879651
806631
705619
394182
745848
11999
181970
510713
856738
584803
235107
615177
313671
35521
875126
813417
413121
264587
847045
248746
382627
484731
862927
56104
904072
869022
390952
906768
586673
557315
423899
736335
101320
6960
765589
159365
108194
780822
409685
59288
765079
274765
85344
813103
559676
42458
565364
788989
7266
723164
130113
781799
278458
434178
686472
425209
761491
217584
964010
43803
269889
265635
133068
118734
753567
747066
72767
713098
477392
634937
941941
406937
866582
691375
430006
485596
965855
609785
884217
931136
504354
146513
473085
473097
860760
130373
602681
219449
667853
511357
715935
756722
590051
706815
609491
601341
667414
185269
236543
599650
965111
681814
981631
517636
597120
610968
520946
437142
200286
373071
982461
686339
513785
261963
429315
403488
996588
991732
212561
747803
903515
836407
453695
957054
796788
790515
311774
918912
387448
744501
590023
220113
388603
272288
517433
942827
647990
296236
366708
514187
817562
289683
663759
372316
861489
305293
990775
806236
484670
164031
291968
953547
805813
686173
445080
686823
243399
764291
679941
845648
859911
780903
763265
106714
282199
102870
850241
936409
563304
29476
716253
904295
590277
284171
873895
886904
9452
365148
254282
415965
437307
425449
155677
859625
878473
16558
890871
571219
298765
257337
775109
786703
831641
335418
764079
710263
393636
749000
81250
867003
969708
407225
909931
457465
98588
810107
536988
747736
233936
769586
804956
959845
100408
272620
336064
754950
60353
540009
3306
580490
456197
354350
839935
343938
45001
425407
431569
822210
786413
311328
32859
327139
691429
379712
25218
729798
612728
60962
629773
232549
940854
398670
956030
169316
671834
824324
245738
893185
827022
260260
301367
107278
869583
396443
596352
409026
153693
375741
153968
600758
169990
538030
311569
677150
201770
745840
244671
488272
147125
548641
16154
685477
182259
728976
904024
23084
732499
447464
374343
45679
311669
181859
121602
311843
795701
412209
530719
529484
736955
74756
719815
160604
518600
674987
272293
156764
374205
972394
85843
905710
944342
178504
671999
58340
592513
717610
251288
534763
383319
272182
421448
675188
771780
162176
506773
824157
219505
855356
447288
838658
989776
652506
992883
178798
274661
859376
737975
901235
865925
248502
723762
320302
571651
362939
249651
408728
115927
626060
723502
696883
166296
794252
675355
14522
853073
855021
597874
864399
674262
609983
877502
23517
960917
629813
882886
990988
923398
948417
23457
299284
672786
155413
55329
551584
13507
641268
902277
51314
988922
539218
105146
706444
647624
536524
946054
740053
306823
52304
788064
787352
988061
633925
171205
287656
133597
635039
137002
109089
565767
981678
674163
992094
492029
905915
121600
169208
532583
308202
706341
296213
552753
874020
647386
661452
201517
556483
692704
202106
31443
137878
893507
287571
169507
801290
385220
34127
157001
46505
768704
949806
917836
711684
592625
277431
527933
213610
579405
482954
25531
848693
613529
459242
789681
734573
742169
631034
373017
656875
720387
774414
567321
703883
865300
82450
345021
61548
119360
869249
969367
171089
19264
136209
685597
284110
678135
499966
211685
170262
127941
90714
69102
6888
335516
710211
640886
659976
601763
129612
847574
907911
443279
419525
474887
244255
71454
500937
762830
237127
281073
479754
429489
970485
44007
343015
682937
83187
15162
611930
654704
453928
396239
38508
142084
237777
453861
80170
845590
976191
527989
576139
426055
566326
68177
466899
567592
207106
88172
576281
722101
424827
565464
460312
114932
919002
208580
175002
928491
367504
628589
211364
693041
698407
636821
563968
562778
587679
98429
836967
121261
832444
608423
494455
294097
626872
364232
748266
969491
760132
187093
633368
328366
855049
654182
888497
188566
245746
796965
235388
493593
862557
292643
605463
279887
216070
47623
876348
76555
137265
326373
360316
434514
90254
10762
354278
505988
265626
819719
330665
150390
927200
140700
292909
769341
571080
252682
573735
24213
116834
690005
294520
437339
467500
486776
613500
238450
131511
691812
683349
216209
268789
819832
571316
355642
815225
688433
402242
727983
574301
64177
382125
933609
249479
651820
31922
877914
303007
257297
219476
4269
648333
933486
155991
797969
879499
181393
580704
919468
618560
374192
431956
91293
593995
547560
380124
425958
56809
596364
673125
73146
106780
642825
907966
169330
805430
456359
335825
978657
843023
412825
278692
56156
857118
605266
155976
767604
781320
675163
941809
323582
20427
780136
8809
43660
637532
683874
458928
381371
318280
215040
993602
664738
616155
425601
871091
375221
971083
357342
993992
236646
193904
315186
343776
620630
294025
876276
466334
361553
234729
702044
421851
895632
364198
835091
279781
31156
355962
294187
955073
873666
156692
102836
713573
135600
112796
275035
869839
302330
515678
93786
344491
325692
170701
530938
364330
330647
161699
447551
240149
445516
34984
976232
53412
49431
444625
490617
199562
439514
985207
330913
937696
346093
355287
826629
864055
159939
476653
325808
75874
700717
175147
798894
221800
483229
142843
549499
851423
133441
24455
458663
228641
264725
8692
314138
346140
232304
911191
631125
326174
436153
368073
976314
368732
904481
937364
600606
590311
319783
954737
443419
320901
697377
162114
58014
792539
808768
122638
156732
834119
166950
562594
399162
42637
549174
524989
718030
447465
268161
241301
942052
862524
904574
860787
981485
479297
30658
518404
847823
398181
164746
807601
555912
161487
644094
684297
2327
938542
699084
545232
53937
429830
823429
709609
58648
52429
679302
684215
418223
793305
70249
826907
787243
8292
494997
443256
74283
995614
508835
398946
920428
72588
707131
855484
398876
923397
976690
916630
457247
652226
899346
281986
514279
330492
508047
363180
901292
766296
841423
105627
609597
751032
241723
758638
884201
837832
890672
17303
167143
78914
484651
436434
171392
931327
508599
505139
9057
633269
674557
65559
1931
191372
563594
962292
762500
882787
181139
531702
174891
151356
312359
525505
32225
911720
94926
348667
859577
122928
361139
946145
438461
478225
78324
808481
583215
489910
22547
893857
607574
283819
357458
996379
956358
484583
800509
912943
742382
216895
647318
655013
291915
926121
272689
226805
117008
559349
701829
558639
403773
832197
740414
726181
477062
847328
235799
863630
203311
757947
252747
297037
585921
359855
264100
342328
39657
215066
488144
422724
633328
95076
370245
307273
730537
653198
306657
736617
471711
713934
244011
691535
770630
432557
851286
250038
856880
52059
124646
14771
136894
960463
757682
75814
503273
287658
404980
587594
825187
791310
819552
743212
792618
94035
147574
375164
494751
553576
595128
304737
51580
316272
452558
24499
263827
814213
220829
228861
236924
23833
154298
952601
787669
484721
625112
56925
144590
702942
364791
10455
593009
267543
482314
251794
529552
173621
251023
215822
549613
793794
643041
244701
992657
688039
406228
436150
925069
430352
771390
519011
980652
151253
898673
592135
406470
899466
818001
774617
255407
715322
396721
59752
424193
574318
555117
117651
986961
970084
434682
708702
988412
606944
455174
589986
992897
471899
291007
257395
865938
243777
398758
417740
275443
102016
940778
223762
828613
817164
634213
765832
91286
979352
748231
368342
602672
583427
962892
446763
738117
797774
375138
558555
552119
926531
445330
727995
44871
516359
679860
782372
93211
924228
908284
12058
199422
955723
123333
100253
613749
407481
29205
719141
679511
638129
964593
46665
892124
836726
121312
11672
249694
600280
399223
509922
551207
110652
25303
998723
162110
718177
897290
806644
403285
156690
467294
773627
351659
908463
614931
934657
536405
150523
417359
723094
241854
352851
77935
796783
755784
434860
614161
118412
912640
183813
52397
970738
113584
252634
330220
946893
29759
898525
175431
504422
941927
818825
905724
6096
397546
705974
829760
157765
248141
728515
4227
727298
82842
88108
714673
799196
885228
446659
700510
89241
693716
980685
113790
15007
831029
318978
338639
821628
188575
829995
985377
256943
39558
649935
620409
31752
826535
422147
124577
843422
449412
779135
995622
970210
769557
879628
358284
890354
997032
463203
705038
890987
105538
657283
516893
157071
979159
277898
973240
939460
162310
771127
210920
919522
85628
842830
165331
883183
653521
141625
992567
857981
1105
271485
918783
38602
336441
153287
321389
248658
198768
26755
541082
128951
504296
814263
204822
722970
478909
140806
496619
48616
618504
487322
471184
946572
972060
320311
172070
824925
636161
1812
537193
960099
685962
77086
29811
640981
332904
150193
946054
35119
322309
795040
527667
215950
304275
476250
401749
166662
443152
352801
930595
843866
132761
721458
733403
512649
611298
171817
150509
683982
385931
567561
955542
817993
1807
457491
552979
199936
918975
779774
552608
615306
176881
674219
573598
504289
968306
453444
974887
905278
161222
40794
326882
768764
147799
653115
245079
258223
450195
269870
275431
550029
886736
312796
420997
209138
33224
854834
5247
535830
46564
799621
234875
813836
39213
724574
704411
288980
637644
367559
843006
164009
256947
784040
34853
471194
818571
154451
500956
254554
298597
15197
539846
666941
814482
988216
258795
204235
54980
253456
764788
118109
430499
128296
974905
15033
609480
400363
191760
127510
87463
437684
98035
650138
121899
890759
610070
938813
891920
441784
448276
573778
872495
810768
367463
808270
694028
969093
916284
226695
962236
153100
450003
394353
527575
259207
911672
120183
98890
972448
75867
249391
956024
991663
638188
344307
124065
856691
316165
837850
954228
140326
982793
302491
745806
216487
114789
58525
589340
198975
697069
913028
788320
756200
933669
139061
156387
201389
787286
830761
140402
457176
136378
213908
455622
399741
316927
716126
673254
112600
901945
866545
552123
78201
765692
142771
745029
226867
750265
315368
222773
429282
494780
326452
567860
976674
263993
182349
321944
940680
333672
825926
796473
881067
341961
336776
632992
368557
434029
608899
401186
672837
502705
820227
525784
578775
40958
282923
164073
701658
704850
509169
965044
984848
340159
469842
908838
953942
197728
176340
768099
566017
320600
439931
391152
988123
481034
458876
972344
175354
978124
78356
892344
672050
462911
752923
838757
636211
613796
614771
590742
807180
835847
262084
677633
4637
515310
374974
531814
656771
91069
672333
797976
164651
322798
635650
937990
647263
118996
698773
394679
416809
491673
636086
890064
80080
61548
568916
653763
283184
702007
394288
235584
466534
815725
849200
84260
333317
120891
639038
633836
514864
530883
39824
143587
785493
462947
330645
850250
183875
809529
211849
144192
259040
234869
608275
187820
129064
489913
216196
320090
950399
454376
570936
687720
548437
693136
815495
30215
903799
165682
379379
494359
117413
404078
669583
558935
883080
124317
542188
440476
58025
680433
110293
797588
923933
927747
246308
606760
493981
955898
482804
395753
127720
942346
245399
230084
961704
682085
717754
537334
703325
663276
611470
502116
473628
168056
3524
388209
817030
609932
206655
854478
735552
922556
415190
114685
224653
571033
332883
767986
372194
759439
212152
205180
138522
842306
587874
71900
94741
382085
815485
237627
333735
754048
847629
383415
437115
851674
767451
716192
472350
208447
100668
647682
76666
988885
132391
702377
317624
58529
451833
142714
335068
471210
60221
865998
748155
394995
311016
243955
734263
203415
502270
88960
620521
75319
648709
748530
268308
98353
999144
746448
589355
225630
616163
699063
821513
361197
952241
470462
897170
616683
966204
306051
846121
726981
314126
570881
669073
558803
917156
461323
189980
537500
212467
600287
417255
188286
45366
8953
948134
663134
83208
36272
123642
533372
718779
505722
9487
583271
93189
119638
879437
607728
485381
691348
70558
509480
615280
746262
338913
796739
385860
69978
899770
906391
134542
489660
153015
963614
935824
907821
551849
913192
93854
352944
974715
853135
799067
718050
889762
315956
605248
278281
65168
966485
747157
255415
520230
989149
244932
303933
285136
154066
704473
722281
407104
607960
206606
45195
215898
995108
43978
633203
468480
390530
817576
777203
339397
12448
728019
968158
971229
233868
235204
776434
620640
818797
953999
751758
689803
460278
950176
473507
48467
11794
444837
891962
213697
158091
246619
65083
941002
390642
137601
113212
376083
811367
530244
118085
5274
688225
481153
96313
455462
599436
963250
294732
588135
120973
453102
9861
689759
19583
556278
661472
241980
330308
685557
174570
927812
508453
127853
910353
555329
255878
5472
553111
122366
27953
272191
108085
640885
218110
617065
348034
860576
113153
117093
579443
307600
442665
259013
3031
958765
603913
253326
598262
768834
557247
782269
984762
870242
81984
686452
68448
76132
71240
14623
58953
358422
39484
690895
698754
340294
622064
440672
392553
262843
49390
736400
977317
744279
970378
695293
457734
359933
533013
212675
738744
880114
921719
425845
921142
337572
202332
328760
131659
678746
220594
899033
608042
186479
464020
957303
25244
551843
972598
125642
63462
398688
712724
992116
675734
439623
69089
105898
854029
941973
331727
566232
216281
560319
774827
150619
590943
401155
55487
398255
432392
478585
187823
996919
866630
868957
481873
689961
67343
412681
443075
953599
437672
611121
181603
928665
351871
32047
283974
391343
976950
897139
280027
72367
944454
660909
374443
550995
43596
373580
351008
484809
87795
363345
441071
950864
743407
378983
254912
390366
785318
588596
915877
177550
745117
174532
276510
227823
138204
116687
676243
431042
642138
107840
348945
101339
424032
902447
622228
597650
205190
565167
793816
346778
149947
523141
587292
876522
362864
590019
463194
878236
914750
384712
990512
384543
430259
437320
892247
61579
305071
32462
897086
592194
62127
403416
739436
748984
447336
49487
747130
279454
68813
42454
789718
563109
243743
863795
459099
768223
680469
717314
974128
959018
863604
578901
32593
224354
27135
94441
327415
169189
621027
198333
717130
711004
710442
995591
645583
811960
833011
857328
153020
256959
917456
821399
703707
159547
675076
168678
752404
705392
514765
546504
491263
983733
459194
450363
20038
229353
452328
826599
334153
167304
301478
39179
775830
315837
905996
581843
649126
870495
517911
316192
169132
580742
621649
117029
167451
113116
529358
607658
273519
482090
614583
48090
514854
640182
385291
440232
351113
587711
24696
412623
774231
914810
640413
271224
369812
908483
684321
765714
106363
666186
384561
688866
649800
440353
482965
413485
900670
514391
338611
410669
877998
799357
895352
633009
65250
606929
249523
159863
908580
498572
391510
767661
408230
996624
572529
925411
177955
458678
889580
219477
280970
116286
924517
325703
613022
599827
430243
825721
233595
769395
154091
544593
213646
48224
706737
985691
842561
826544
645656
108107
543204
352560
940619
95389
675282
449266
96579
824782
547400
624698
206043
197910
395088
452450
643301
483016
872827
691020
948339
127585
753033
531093
597813
168493
751127
529816
789704
210266
516588
884472
446691
213539
177783
997128
875267
637735
572354
96817
158964
45144
170191
454695
786543
804768
886630
120266
319222
390260
466987
223611
585983
454041
63880
753549
109588
617645
795857
782083
736521
315116
373251
386780
426742
311508
116633
332252
150862
873242
755789
787622
404824
850707
767133
486284
74813
580414
71769
715734
752764
490034
848151
698321
613376
389479
505439
845947
556556
475378
910983
140585
4430
554433
333168
524362
641927
231560
442029
1890
898534
62834
790646
423959
987051
264565
191506
83139
224560
463577
106820
513464
377500
637709
30335
214886
731391
835800
311011
251459
922219
553387
436314
777478
751015
626515
345989
660550
93193
390320
440224
644759
14856
160326
134786
545996
155536
481986
45205
342066
684749
469314
777938
76564
457660
229334
109471
208955
380619
70127
693888
296454
273933
611495
565721
256424
422925
439023
889545
398170
168561
80711
5001
311646
372901
350742
772563
507803
486959
94176
559081
991519
309121
190879
72669
774024
137636
639419
730398
217122
60177
595378
716672
945340
979923
999666
404196
220697
777514
299548
239893
329980
994935
599242
382587
723726
66817
558943
996458
148913
96257
765242
234835
882589
151273
334928
134405
647780
867395
601626
680883
725749
848429
318892
488118
627840
746782
49832
487158
400608
421202
978050
763686
904860
686315
965696
435053
262718
647926
372088
820513
80389
707022
601245
119811
372538
853273
524268
19969
753595
659971
480763
215056
517728
721432
407595
101478
792329
410650
374338
360685
330199
498122
314096
415420
342858
861169
154856
980715
948453
704951
266498
558661
919899
455527
28613
287341
173151
90040
330928
934779
541234
876365
158424
398482
183802
682148
521997
404168
965920
513854
512207
909332
669946
410255
388208
774682
278255
471207
89927
84946
847427
43553
522078
834727
379580
643838
973541
178024
295603
761301
835681
492767
749804
112502
646990
794576
634336
964765
248960
629606
816321
471195
447265
597943
784984
980284
924407
368414
267432
319699
222600
486334
400106
707700
686133
622613
457164
828384
258970
563167
616045
985836
761310
368046
795173
521358
715863
207829
445695
450224
225651
824437
66121
42081
377411
988264
961283
817773
319839
475910
202859
444858
373898
536652
449034
801808
154413
870536
555920
880318
420801
341114
100971
76466
568755
888022
25184
592542
848612
928051
949418
776136
531625
130060
206212
978304
635012
388850
827525
954631
592492
808881
474875
301818
658197
97100
755586
528937
363006
766095
880238
166460
319900
388436
306825
465034
254356
142784
585244
746555
188503
964725
511817
439676
48096
635350
748787
168697
98951
411847
901222
978060
154601
139181
21005
557994
583333
307868
863235
855790
206694
29146
702593
96873
751754
930274
60826
304609
851670
951510
181643
598921
394429
880361
219573
49023
738881
419458
214160
782948
362392
196002
899985
411235
368936
982185
617484
3200
64051
13445
811467
506615
977696
732662
687892
311045
707531
554112
291009
935675
473686
573625
342073
186495
261569
240343
113400
70251
588610
808796
852411
837214
53031
92151
700185
791884
759450
713859
301272
176038
356329
320686
974224
92455
753097
22547
771775
290783
406627
532242
135853
369077
840721
343995
717924
94619
779659
219019
681546
603724
79459
54034
78946
517471
115182
496186
405650
379731
822012
948961
908703
863139
306048
196271
380976
878663
858026
12538
352488
663933
175373
963389
839996
100772
148728
895510
470331
358951
407290
50263
770062
221462
340755
174094
640263
45301
931670
485174
341625
770496
371646
204197
845288
376572
402109
312482
549711
380714
29283
549119
532878
644304
536421
640574
407630
775789
909259
887511
950159
563569
667670
997655
628145
911533
492359
355039
640821
93770
353681
559530
401831
525154
189780
693386
808965
992114
426589
967483
469923
649240
801996
761719
674353
513916
798168
846568
475388
850974
974809
459686
55656
606800
39194
217357
107681
586300
64100
139322
298879
71864
163044
973998
667400
343350
194363
485448
439427
450167
877238
657279
34511
479529
737623
454194
798651
751776
727534
648801
349026
486004
965257
185558
381276
744873
141351
780465
813350
763225
687254
883332
146928
986250
741374
639269
552002
283943
211837
176813
406887
221269
492956
670198
501696
486339
685022
671141
39589
974796
220463
835845
967565
694443
652905
163082
660494
843034
657008
473842
863716
371229
995904
521411
405558
258886
778968
130077
849177
574189
919059
499051
671775
348332
870572
947576
871709
85031
790362
280174
711007
362519
962913
414172
640395
956196
788643
905888
670866
580608
666138
753380
732691
85972
775667
490796
728855
959121
539963
422561
356582
278463
362814
903412
479933
864829
353227
177535
291034
453157
706076
804616
290563
914596
916437
122653
184361
293284
246335
568958
79793
38628
863721
19842
258628
369489
358755
916775
615724
162728
854717
479380
234205
477347
507565
57618
964001
364437
38741
823098
593492
594826
183852
893896
693896
745157
683121
290553
724071
373512
609508
907072
970085
249886
582117
100600
538017
460208
335146
645469
963077
586082
616160
256722
386070
297123
193268
75454
116861
429890
256260
149392
988682
6997
777973
116835
301017
736117
539918
512546
239024
896575
726484
989034
184518
437229
579331
355092
263955
73581
216171
975434
832378
684619
758110
772443
331879
499849
843911
459005
597852
986160
342631
500152
971108
713892
868222
519232
866658
615271
366946
617989
145698
320224
303640
45046
264052
214412
814791
600787
461740
647739
12667
511951
475870
645309
747461
311571
38325
557487
833417
669592
997495
328900
867345
849419
323481
627235
662209
156029
271203
165693
475606
890469
399823
930995
255474
547819
715550
61247
295033
50798
729016
419498
186932
953519
591024
936175
677339
246537
484551
188323
330983
497982
226145
222467
181082
69733
883979
349471
617558
770887
125225
869402
923643
942700
63107
864749
653125
864226
182150
767453
841224
160084
995210
390573
642170
457791
579209
10213
749626
828775
810715
243604
480364
756985
661114
985848
872415
836253
167698
567599
655180
651814
545009
793110
269932
563242
641536
998240
450106
651420
615450
474553
331401
775887
805764
836046
102939
493110
80890
629660
325645
114155
91598
2183
463680
172927
968521
545765
639081
564927
434020
211989
896900
632355
695879
361520
871254
134377
859259
836511
328111
98112
266848
660884
67893
287581
364290
205871
352368
372179
624764
589902
431279
964804
159122
619017
532484
362995
198374
421929
969466
882289
401641
157883
764806
632435
880443
86612
103537
127068
800995
472216
400316
529279
601387
29872
387682
785261
350160
93552
279946
157195
236470
742941
428894
778403
257203
244621
712934
290858
401477
183172
369172
81247
193777
352682
594951
281374
243509
275236
115112
824595
41732
13356
557983
110117
850714
347190
241589
991141
567568
981673
261058
254510
73852
615578
273489
535737
618924
759446
479073
159001
592907
670668
212805
475744
725419
338175
913437
852510
521470
160940
491937
80689
813853
890455
439613
501807
563679
15596
954818
963559
757213
543535
262508
568340
196258
900047
879856
502210
343036
888641
890435
550438
390065
244738
561111
230800
745833
354143
431716
941144
997041
69012
125451
168551
363087
628271
605316
3219
799772
951768
496141
940187
98115
321379
91414
667240
615072
600338
502097
30766
583704
5032
358045
649166
137356
171738
441979
636544
448467
317745
933192
757716
568271
712948
44462
604178
305646
617615
136186
882466
780338
994181
214184
599331
869887
845809
154261
632633
591690
318826
81203
126892
489907
101826
783801
991024
360770
585049
655378
771964
577724
174002
882592
247403
132657
820636
664394
350901
881713
628188
195108
724541
135845
259370
783719
733613
97894
797276
790088
980741
453713
177430
526584
652508
568141
638535
788619
410434
721525
204109
868016
183404
642512
208713
358957
285884
290221
144563
36291
448071
383547
298729
405500
403914
180604
300047
136412
42117
77054
13195
295411
203111
628741
47349
600415
280380
844074
542274
580459
371495
30624
44055
299904
717547
46404
554033
579577
277363
594649
80391
365958
279996
767783
173890
662068
419152
541226
922821
509315
312677
82845
640516
421417
443730
405604
873027
335564
132534
946901
722958
323805
588043
875289
195885
903889
763367
796117
850361
678003
149231
595163
21199
936051
940876
40692
724524
687634
513354
638762
485959
14194
759381
925934
287924
453084
89481
965796
336393
252148
819554
195271
567202
813325
879765
117859
397679
602694
780154
40199
32702
135225
382203
989760
63532
999723
699480
806787
896111
559223
740322
44964
830415
990999
660519
256806
320500
926313
375521
728612
212434
843585
587835
290414
833369
798483
962074
178814
174728
135708
391903
62762
903002
289934
399409
40022
1859
101545
817674
238614
481266
750815
484808
978170
90993
149976
122513
446861
505593
744782
482551
207758
509629
873636
110669
542294
22934
749846
111157
383096
385306
46174
97371
308490
411512
157456
716287
434288
950254
602293
503850
309847
605162
934966
484747
753259
740078
109155
568028
106840
994440
904691
176494
797115
369654
943699
506290
993185
3306
628268
414220
438591
754985
138681
784448
40725
995264
28009
807903
736668
533533
892078
242945
591365
900232
31197
510331
591067
354288
857522
146633
426142
968297
179133
171431
463815
48173
205745
442218
913194
549184
130488
220544
248673
709121
669292
129342
528767
299569
179061
154189
869072
315980
563753
25163
200958
964048
560872
611522
835377
343024
52210
221144
219919
413537
206322
859179
48597
863104
343085
507042
282674
588011
901578
703317
833034
334690
491287
824335
490636
664856
209212
458177
456339
849058
395963
265388
68009
930220
656368
433278
739070
614256
180188
786996
114223
135883
982683
42930
855127
55854
74421
644129
136975
54616
764779
184235
652462
123453
635293
427591
919473
584464
876686
284392
386484
632439
747470
130571
908495
123552
268222
51196
755393
986990
542969
367114
207625
379978
811921
268015
553184
856344
100884
405042
17548
441561
530115
135958
411748
738768
382655
757492
379708
745004
585311
202255
657736
628985
202403
417053
43621
842989
525624
795570
903703
698080
596494
310513
700355
389799
207623
330977
663702
997231
418940
813416
225679
535148
231767
470335
451542
320119
2847
27688
871919
643900
584653
609756
854438
985139
681499
526561
461137
327836
586703
931919
611417
455793
78121
962327
87360
273614
117150
874039
473698
623060
389417
629916
780836
109057
311619
495650
331991
743862
768808
811373
489642
2162
128374
831032
850756
238412
165244
355618
415449
137959
724012
948745
453125
1926
615538
961887
948373
66736
858625
821109
90028
375279
370121
361547
19847
517527
261295
265369
982416
313231
199688
358388
132371
164647
598333
203568
86958
17852
361433
552957
670484
5197
215443
901679
599857
203042
942396
593892
889077
802557
502972
771332
624933
582469
790339
848283
981786
376395
858168
940239
610238
932374
88700
456375
569268
454555
82774
40143
104471
560529
60380
89294
803418
36165
604542
540466
414498
34718
316773
382733
985243
559846
211835
519577
840361
607445
584937
864071
518134
648725
782080
55237
236319
664253
49139
207602
275663
448125
742679
953674
642282
268958
544123
87521
416135
895505
488688
537112
431865
483843
584778
226108
360042
198468
85568
280273
938791
440114
895247
956112
804880
583605
386049
801187
849358
800078
832750
515953
468343
715058
24926
559243
440679
824593
605806
904554
975732
623327
67535
121623
932615
131771
951056
400269
949096
772381
242139
853572
876092
225802
763577
96364
683544
820803
748825
155793
802847
47972
495719
944717
505583
118187
125501
343857
305612
288103
17013
113165
375735
918951
85053
436576
378341
285885
830135
228850
434042
706898
820620
652489
641508
144715
134552
536628
954474
548651
976317
477142
794138
228184
846069
655843
178802
973280
572039
750413
909614
222643
609207
838488
29707
63278
563958
86412
751930
572659
530914
556496
588961
909568
831135
286665
730621
284405
997151
919316
580553
679658
973209
19892
177464
102031
22064
381407
783391
630964
253418
380164
101633
839823
788370
382067
153895
404879
356276
623705
41081
130688
710921
586981
289144
55548
854792
48848
901147
125815
279085
442993
68208
819334
938447
887162
261916
84034
867624
825544
592581
253306
319884
287904
775506
629372
428421
314854
394260
611776
990824
463804
775026
81380
208137
779814
51788
780642
523242
53940
844683
451597
7099
956649
705725
85141
986197
934782
263765
693508
776930
15299
913340
87362
712241
780699
776359
173259
795880
372203
350469
303792
927510
630893
110304
17927
944181
532090
151499
382732
282510
494380
521116
72818
494232
902111
727495
310263
844291
786997
163734
475909
332212
979625
626468
673057
34388
818828
453171
928654
216991
232947
84277
717511
642338
230163
854627
365946
650437
228250
809146
159287
434079
749025
431015
651815
881205
371030
794156
761972
546379
180245
625666
788528
140607
18420
772947
889857
844798
703648
386271
134146
60888
702058
298116
923565
913760
804923
445046
446
666758
49475
751489
356676
916237
235274
197930
170455
807513
994674
96622
635899
25911
968823
580180
753757
836736
394006
50313
384992
543389
966105
607001
260702
782285
480232
87708
61171
691629
505512
966122
178880
896159
413693
362175
970355
583610
126559
551799
291204
562847
246763
845804
404062
932688
422698
898717
900436
505964
560292
171963
399904
805513
276849
177695
608215
47339
138407
563199
409755
330349
905876
230030
429023
953570
179143
840132
686390
139956
774714
816861
208768
431036
52370
503694
705898
494035
90446
669735
311000
160381
820083
71289
391759
636378
512496
713089
453031
198384
524944
653819
351000
960538
272849
508639
691647
262628
541815
575189
401765
271398
785599
984373
114919
469947
669609
140197
936736
820526
642616
669907
941073
36084
200494
871064
440205
793829
114642
510655
990612
989766
444277
255046
233559
399501
669190
851044
774731
649718
868550
981465
453757
236628
989646
205541
81411
457513
258845
500340
704074
598703
576748
660867
51192
608388
603788
347192
516400
816811
308064
477097
129976
656919
76081
477149
749847
606139
671291
607790
536182
371653
422696
141097
278532
75785
206439
598434
124251
165714
191429
874389
490689
473813
509370
4089
606507
632541
227513
512287
756994
744137
378073
256923
660672
912083
105360
798781
419144
611762
388775
510947
774846
396029
20037
588312
567551
737093
276272
839984
692294
297750
448466
789535
231758
685724
913265
223541
837988
946619
467995
394276
830297
460260
683059
560749
110068
411193
545006
583971
793136
718254
563421
571423
440314
382768
171029
50336
586416
548998
361365
228706
887923
872582
93500
861474
14309
710458
190501
48895
634766
357285
305709
878995
522975
437609
949789
148200
410373
183699
324991
800939
460129
894518
643108
555160
826768
206615
690098
427453
579318
277972
816429
352362
766804
520350
545373
127970
240228
568454
478908
758146
872637
645338
103092
331453
119246
31634
604584
789790
696070
187351
639339
673544
587840
419927
629215
525004
597502
628631
894625
411503
735149
163932
91855
781408
268110
123143
333651
975526
283529
467294
529973
197232
586116
477135
437221
301083
441794
875211
566469
948724
170095
400137
853306
742581
564405
215495
301704
476199
502473
566522
627858
162068
253988
366251
495025
391645
420364
365437
658597
888725
937730
221563
800272
958657
379688
649797
357594
503319
169409
515178
920738
426439
632364
900883
931302
111698
343156
796401
695180
291135
15929
230179
754954
327936
730344
202938
724894
108181
407028
952501
402249
1117
47269
447568
444493
199442
281722
593299
252513
789480
41598
190679
550763
913557
543010
467232
579020
25824
370682
443814
711367
350140
119656
223695
633880
758677
153519
522347
389596
342932
815810
362202
515357
837396
576671
282104
806306
142439
211431
583334
140723
271747
294319
707283
771534
751644
286914
607354
741185
902946
230130
710924
147420
362987
407895
168819
464062
902835
450321
960297
242646
831940
615024
63807
785479
116075
453818
908824
875441
857515
170354
614725
993212
726310
503481
723868
481388
815783
509732
881904
243112
407435
228695
980126
445463
781788
155776
913510
670925
802677
348270
369703
164487
768382
366328
956814
317815
661992
904476
523406
663291
593353
20129
109131
862519
927059
573651
878446
826339
86913
374434
426233
711300
231438
463496
89627
878576
432898
76862
679963
482848
112111
119645
872009
495065
840653
652512
96902
719706
246941
794980
895149
75529
898288
493048
616705
555509
546123
56956
919982
893863
515614
364288
750818
335766
169434
277741
612842
524321
905843
800967
753766
350054
210726
116153
867783
515902
612646
158439
58430
840543
377063
658577
295982
458248
790529
95613
877895
667187
839413
369708
752126
328223
735383
712865
598240
486394
451877
468912
486564
188024
538959
812081
603842
524199
271765
587254
690863
531901
60950
928165
287927
575539
45450
815414
979313
81618
754709
347437
844364
895654
198256
618271
279757
532340
231775
839790
985235
158627
225095
322286
228911
895428
397418
644139
778931
117778
185721
912105
300448
563877
585739
443252
153424
66488
759495
599453
712062
108881
401631
407669
599422
176872
308332
471570
430543
796061
3802
803787
114880
578730
140611
342646
77984
497518
599189
324881
370864
828597
183236
700152
777370
103266
161996
844048
731242
403584
753265
484987
267556
678908
626017
522975
412388
186334
846216
413401
949471
757713
940189
80880
373523
163247
314193
945331
768087
201074
240483
784775
693456
689256
325975
577857
196536
194239
413661
257784
481086
890667
373697
26688
105732
543766
877664
631531
387046
735292
5014
40058
832294
70115
236938
156003
245147
229052
483684
94854
675900
273525
980069
465839
783680
96656
955138
512443
850104
553016
791177
505800
331627
687655
201992
811151
844113
749773
545801
401672
51132
39654
410904
73481
740061
132324
691789
19844
843022
121203
90223
84838
26853
940535
129902
830573
56423
810678
396740
558994
690963
976054
734217
704631
11900
663201
243485
594274
974439
481793
611293
429425
186825
221717
325364
937861
627382
529562
863728
318549
513448
755642
75620
522301
180668
680732
24937
608475
297068
931132
113992
197762
767892
74731
551267
692876
208396
273313
261044
435882
281129
333672
766338
829834
362727
119587
93059
632074
232601
313670
948764
772426
658470
739912
319123
99289
891267
507969
889688
437994
593438
887039
940934
832886
589464
104588
358035
15865
646528
900253
721657
610107
277189
547255
844329
91314
779037
822932
555927
442584
610162
584566
647749
596384
955920
297361
744325
796091
77874
134867
627346
961784
770104
960402
290226
687607
64306
600754
230336
844844
48377
153355
955248
44413
886130
404990
443835
453483
219567
789350
993454
500077
133648
498162
273146
944439
87343
384290
817420
917614
179787
185670
923217
773592
11500
865176
524398
50227
913410
420230
833462
777826
63679
158967
733955
786995
98231
278483
428131
847481
226807
181049
418275
702091
423977
733633
493925
828908
723593
63591
694112
455711
493589
317290
182531
210776
558601
630663
166857
464205
786983
975153
153624
701536
154188
314644
264456
866618
620455
663838
468609
451263
644351
422870
115834
576172
967605
222836
142462
499051
168402
707299
218873
470396
930518
837736
271562
884535
854875
719788
647854
840389
555206
69847
165764
599745
878689
887426
37482
642737
536091
715811
249533
937004
64672
522377
65951
416792
62137
431609
914845
137125
148841
727366
206142
226273
631149
913679
4467
257287
259718
54404
162788
220675
350869
594236
871159
848500
949997
807568
172989
845448
137746
382511
566933
175171
524850
466060
519838
839073
610197
933501
180695
529841
145349
946102
722841
782881
748587
275628
757652
791156
385041
568460
605756
567283
619198
558373
521005
328681
591836
247214
199688
386250
650764
29781
145530
30433
760616
688688
543750
422833
157590
643109
115531
193759
694167
276186
864546
906890
250393
319349
7117
278817
256150
376316
325122
69996
213201
635548
965156
730932
895743
679815
736140
444869
455151
429796
289808
630312
848611
860429
978653
997479
233211
167842
358324
106649
428251
31420
448388
714544
913340
345234
650816
909060
141231
792812
209347
661737
501460
558671
803903
382584
959487
314446
361842
52436
342373
598771
693714
151521
628084
422515
705461
187051
775729
638773
726687
180646
293415
213603
586262
390482
208274
866352
705720
784376
178229
720711
781312
553550
813071
395801
225869
28116
782696
516591
139519
475262
724485
805878
814436
669924
151922
172577
660317
99631
102921
804339
794090
943308
646816
449802
964019
881651
189306
645318
902151
796531
303673
483752
703031
930193
129870
467833
600526
972717
599047
632079
666419
452067
288684
710747
687989
8377
98639
840558
199614
240852
133638
692493
522598
873826
653363
117947
650497
363423
481634
559826
376706
660210
935389
506754
331337
392653
96204
125270
879297
105963
110163
931720
604849
461467
745634
325932
803444
677343
772135
558773
506752
438820
19395
784878
783893
612654
693636
509448
918627
828973
469570
793741
662475
308652
653994
957617
88071
834764
914908
873533
39340
996026
999950
918401
347066
8749
435977
912822
638598
462182
338951
209582
536579
304809
418008
989661
315563
191367
499472
986567
443308
896261
584114
317358
850588
992632
255678
284947
536135
547977
416287
372144
170576
92124
28963
210851
684143
541131
20983
40884
743728
175198
206868
220384
395271
28601
338822
986212
421168
743723
