83387
357058
17184
452127
440134
460444
616989
652394
425890
171663
440623
473086
472180
11762
688307
54457
286912
991819
742818
744824
849379
990054
86044
619522
975269
86044
611446
305825
584567
361291
860769
335257
745263
167630
606592
275336
819617
672127
821048
313808
46287
239796
923531
700586
875505
590048
601857
970923
230237
124137
887095
574147
500007
343619
26315
213167
303666
645848
624538
402072
447966
387946
402884
494525
969241
777212
458762
534334
184634
846949
188862
435653
261961
154413
514418
550292
449877
517954
116956
14645
725408
437785
158055
385267
807520
251141
899209
37626
947307
137542
950421
289294
340392
466907
948478
157322
285290
618842
37572
396720
530804
799922
791622
872560
543567
525807
287174
42172
77004
894720
244210
387861
324216
451774
98086
725964
14090
211439
636000
11993
195005
790008
778734
308191
402410
919732
841256
998677
434500
759086
576105
488576
621624
411762
61495
864136
511968
545210
939916
725985
857633
409639
209269
856164
783943
511642
190224
282001
146441
955623
562630
247271
152730
433046
757921
862877
275026
281899
322882
645271
26797
139201
427454
158457
366632
11459
211154
894316
114457
634616
57195
386016
821841
623984
443337
374571
964745
187703
160056
235191
995247
35370
218316
882928
970196
501699
655726
179796
894556
620780
677004
253631
361937
391399
487021
352531
538198
463615
384745
698202
691943
400079
959756
295677
576550
452389
163192
383357
9135
529497
817048
713286
653684
888009
487353
903549
189993
905141
525841
819211
336478
23475
816154
342011
315289
329025
442242
99138
456450
798839
533507
853098
648035
902169
814253
25873
30254
634700
171426
247065
539822
131394
378064
305115
281036
533078
706333
821773
474220
821324
193318
808740
557152
599948
389180
918431
433370
643325
826266
465607
310434
826505
82925
217062
23353
559023
105394
123802
581004
403808
122649
403185
82634
837979
825177
692312
273285
976313
904193
960932
650939
705186
469609
917717
386235
93747
527224
77423
228423
203503
415408
448758
440089
110011
227783
737161
133821
988423
598390
272380
470402
609356
493845
897606
472925
143901
721683
702047
196146
477189
872646
497704
80126
69355
853188
294093
760963
790008
354456
268280
164148
604651
42844
238196
89953
395256
269467
249347
338943
485675
580241
680645
850783
155381
838595
60731
973589
566614
572926
738489
544862
64399
804000
757976
714699
480304
266573
365778
440348
340709
16688
652958
700453
945346
639580
864877
504310
453264
335191
70753
89626
566453
566278
764909
771043
415769
994528
445266
939450
347814
108372
282704
147236
997387
396922
642167
407870
131925
918054
820708
384820
89922
475594
734918
628606
779278
407581
531978
988720
878887
233382
443582
450483
94199
56432
167461
666835
237723
933161
63315
623578
804314
466273
573312
782708
539131
125781
184046
862983
461574
483209
202719
293399
482670
541922
930681
267371
199337
775123
858073
817669
933022
680566
784107
675861
229239
774216
581851
220862
474409
826358
952461
527613
79007
803943
457134
609494
238064
187341
459527
327802
15855
989323
519873
70200
958506
202186
776082
294417
184858
569588
627755
114753
160345
710121
476846
829095
290413
4261
529732
299640
9888
254795
150277
790713
352534
406456
403969
950250
930002
301387
301290
378644
554704
718100
460970
609795
968798
391003
346968
214359
398518
676710
788974
275029
103181
254342
765945
989054
547024
794821
620681
412465
738634
108249
683683
13373
171753
675076
13161
175509
188021
853583
419789
741370
996029
898327
425079
575091
436474
601176
342732
726645
616835
71508
937105
238006
490827
476645
613658
297236
89290
614108
520062
402719
679948
926396
908639
799038
709168
300507
383734
790271
129508
816571
455102
228927
28719
783045
19818
788210
425149
291027
24416
64806
602826
171196
664873
920830
970998
282361
928201
188268
964316
832205
456633
957821
786688
237177
983562
180178
867311
584218
557324
33148
771659
432899
283591
483496
596227
819755
896956
367241
470518
14183
518898
999186
859191
798569
811335
483586
526666
537519
810467
33730
238239
464127
759314
182871
659431
939151
719633
305871
656863
693278
528614
462086
810725
516265
274812
694171
523053
79333
236565
895678
851851
769318
177214
677769
818911
22577
32158
710658
499348
309619
300966
110953
107586
850040
465110
537205
781569
918084
657541
787731
282658
238208
57176
485208
962002
78466
311903
929321
162246
938255
725583
909819
239846
298318
871408
534255
105500
670334
82736
88921
920652
812608
354503
791887
852969
392259
153037
339245
655611
198498
598841
442002
56402
807565
511502
393098
692187
78227
351439
428226
6003
992938
753634
244299
764013
610130
622352
356720
497016
802073
593144
521518
945584
21432
169603
782735
362480
744422
59531
422004
662531
918039
674985
906109
857812
327473
876598
646762
287270
368713
488986
749594
51029
281817
99906
801795
104875
72618
413242
448721
930715
443190
268141
284268
964376
287387
300284
212421
544374
517812
377158
894764
187644
664610
408829
50770
475993
248890
108923
141687
741089
528986
172097
48061
959051
874821
249493
954749
528631
197596
734255
422986
158185
771196
921542
58602
121402
505339
648020
623526
26429
461768
531743
800996
434848
494066
201212
927487
993019
904858
566965
919924
218927
492954
82844
110915
34373
39794
982296
158728
98038
281413
558406
307883
921620
867030
554344
378867
99114
354395
541463
351079
786883
96309
335192
879855
605951
953916
403954
16790
37219
808523
178073
449530
484586
243875
46324
77045
491061
6213
831724
701968
546502
888492
946491
463873
143673
131516
84390
580133
436584
607628
281648
710308
148927
770452
194368
982299
146887
967251
252894
736436
796005
65676
801007
960485
46977
298767
271989
55341
536109
744003
692598
533264
127439
650463
857725
113567
723103
801978
247374
240427
804427
929248
483191
407834
123904
709013
307440
608522
606347
704607
338022
398056
285802
955853
354575
483273
843394
343810
435263
214395
103542
46128
644892
725428
547878
716431
109439
217947
605687
71008
362113
813679
805892
400834
422300
543704
99638
741836
454464
867381
434334
539330
288302
267715
375957
404320
644000
324343
224566
740022
987820
623386
423878
102527
99197
664749
447723
991800
665755
34149
736871
899188
113243
690911
306210
441170
696547
506864
159775
306182
452299
952768
580379
102469
330016
60438
225773
617657
124855
59735
716059
835272
998796
332657
725402
746157
658808
453860
815231
714476
102397
429798
828689
193145
790034
478
988954
958936
120760
131415
513255
410751
286953
261130
415421
30337
299448
522645
393033
762896
196553
542863
697534
437606
163464
888890
85621
437493
854463
218414
599164
961410
153315
661962
619630
953100
213725
266090
934793
356798
659360
123685
15254
518422
425897
101857
768282
264798
725953
936043
762372
460686
720993
116926
735068
661861
442976
599889
262374
283343
377856
390237
117982
497333
215912
645747
611105
841695
480206
909789
521511
845777
993324
870068
913851
93594
370624
381992
701018
858510
102005
997800
86069
110855
933645
179736
776537
831264
806270
903866
802106
960837
108519
6879
526987
960802
901371
623498
31304
427698
36178
618240
216115
835082
680103
641114
809587
258204
327198
521144
62753
459322
932629
10892
579051
138662
67605
234261
37951
122113
224390
408070
883360
56769
855958
693974
400383
896210
74657
145740
849214
298830
283442
690181
536580
446777
255272
671134
183868
528766
451773
842622
860817
757374
196977
979761
917257
777600
89145
279588
190827
217111
79940
409281
294218
743271
121983
264072
805740
193949
430481
162662
830036
142890
918622
981000
446326
865676
842580
808288
509163
887901
42562
757880
79544
74776
567779
672043
854230
142825
881387
679021
338014
969680
154602
676354
349116
987940
860600
873034
255006
47267
811989
594108
734453
692819
23673
7385
600089
193700
436977
224363
234839
895830
685925
278688
465750
418375
989191
405179
859610
724117
845328
356543
171964
680640
960530
412439
954649
290519
421853
258126
342487
156978
231652
641030
675863
308853
325383
288005
558197
297790
186583
481190
971343
620263
481271
339005
24467
671535
749546
385186
834710
239924
358756
567414
512550
567065
783607
51866
342802
461161
285592
325720
296910
550134
275352
719770
239435
214462
440306
778698
313710
744978
912599
332216
940016
237273
223473
466281
441160
286130
564404
405055
197433
935869
876692
173002
118843
108596
333417
431967
908436
794836
889988
94219
966669
585495
725781
476305
240988
241710
733114
770385
922884
51781
888141
868444
350413
727204
249928
990890
750158
153921
530669
586800
634439
840830
126753
625444
395389
759968
192383
237718
906349
430165
295479
619538
866883
208673
919585
896668
102464
754895
228304
596420
467854
937457
438825
465483
431568
10288
887441
481308
344418
817179
263332
893633
700863
687685
125939
470644
811507
306269
709711
705772
864388
846716
461933
929534
565900
837286
557287
763581
197425
676207
479059
834386
880490
104523
632371
607269
130587
786210
503644
525960
691384
662509
692193
129749
557334
287204
884239
224351
480416
240211
965350
522169
6065
467797
654863
446448
679535
679632
646237
151414
471719
615025
637747
85340
621533
422728
726475
797546
237668
892173
382410
312047
178822
178878
384521
860666
954014
734057
145281
562648
961011
487750
288745
11427
481548
938801
265552
923513
607865
621223
240346
132885
695616
165673
464805
646907
229071
827700
880871
481143
307363
446091
777068
421295
424775
401439
673442
999565
404575
20467
704423
678861
854614
63017
677370
813819
460348
860737
53003
487252
279716
354796
298600
392323
725557
86186
723258
816420
567632
83244
767500
908377
590086
38223
681442
856545
595206
997941
890796
473792
640844
583140
184399
895517
140850
726749
117611
34877
206952
430694
672948
658326
895414
994010
836745
590030
569776
391449
256878
25898
36686
583839
445512
477682
347957
905463
81275
241326
756209
636791
540335
238573
549031
15062
374230
795381
184688
137043
726743
451407
157170
105047
835533
798863
44460
787235
402169
816980
215590
786330
404800
199924
171136
23451
712923
350390
473485
468257
492769
723894
158942
242578
415069
694690
40019
288552
713044
409876
829052
445556
886765
150174
538339
25239
446391
130109
460482
903656
623095
134173
415158
190999
762974
747678
16689
525746
84374
89085
973929
540093
238157
499193
474013
581437
315645
430468
620904
910159
790508
983984
568593
519959
669663
539764
506380
213765
944992
210192
376356
150788
228031
478639
24446
660866
592854
633315
248917
118746
872870
307553
273176
462061
205571
60049
18462
610731
163177
560417
231077
145777
224063
555509
363958
853257
397563
800779
853983
298391
292017
212201
110827
313538
447630
763709
248200
753049
509003
514414
371160
286342
252046
661386
304157
567230
612251
777567
80345
939534
2784
791101
919699
884077
780866
474130
185661
30324
660300
248649
854944
313604
188858
679401
735440
283392
660140
50547
566592
512243
235688
813911
981651
154175
680639
953085
78723
124982
689752
916539
175026
692690
332394
235773
433057
435919
547054
103347
772878
17719
831540
450724
960002
972443
821192
377664
145931
576839
828072
771872
83146
134177
764697
318559
562606
946710
242677
235384
156346
689438
220920
280783
216386
636864
974149
698991
38575
599246
256444
156635
510332
157887
752687
522077
743418
632666
322467
718386
66025
706932
844529
917165
752288
156049
118907
418289
927481
542931
642194
203339
758148
525452
311303
214199
895156
379689
309817
868938
194014
112529
900151
126053
241980
194943
96544
872068
835273
259352
635704
976088
173672
223733
1059
463693
121962
890650
294539
658559
998564
347745
965036
653202
435439
933222
436693
946068
529510
17941
155206
92477
485611
680513
449563
917540
753214
499282
393888
142790
555335
654606
359996
803779
171629
144416
945462
777898
920084
967789
211448
357653
633997
886871
836189
786465
384208
523884
351183
181449
850425
60077
174520
810573
382521
394749
67331
865093
325654
585810
594483
325094
207589
671081
891033
899466
31646
636372
534462
11623
226869
272919
728408
889199
841351
579432
315577
459889
608812
1473
743325
866578
69884
656679
481811
208830
124095
623596
21838
933223
130579
66732
283103
200067
994627
363525
653910
491250
496115
325519
534812
854505
514543
303142
623804
161173
476901
845333
854577
659712
961626
924862
610864
137248
118829
706231
789386
673544
60774
707008
475023
773685
213020
986528
375589
833039
423317
65185
878710
119988
36726
299665
533937
889110
482338
429187
458059
561677
499740
611350
12651
185083
703908
52328
328323
705582
638309
971100
838258
965753
127124
88503
259096
776651
12213
698465
670713
996916
876073
153469
55637
51015
573596
23803
372001
791974
110915
101953
562652
136207
931104
48491
369203
888255
242285
61636
970260
653860
157648
954427
75361
674994
385720
781329
892437
705242
264753
329198
16638
322386
89489
40402
492028
119624
422361
562672
784639
793182
864801
761914
879528
656210
250512
53418
323808
677260
362107
377431
310379
525654
689109
566978
662356
59624
505456
969417
463991
486206
62604
208892
70862
73307
404443
622610
625642
589075
902263
945639
781489
778122
997419
388907
743812
514847
447660
237463
530209
3562
430349
795653
898947
963123
683501
397430
86790
119587
118716
11504
248957
229836
315693
22469
954920
710965
741769
701426
244587
376464
797207
237256
910002
833110
538036
425094
710692
185655
939464
772216
137999
324988
436176
536227
785313
667813
756977
276436
254768
842766
500613
8717
971545
516009
958178
526284
892652
329993
382569
312936
633729
440793
607316
875624
659484
525274
441913
997187
222342
493915
273537
722638
306547
374051
55169
941698
257216
28006
121846
189737
685726
755507
881867
100594
408654
235566
972255
57491
983102
991187
338295
17880
621022
864030
705381
661774
733079
337705
383031
494312
842526
147727
209896
851077
89443
476116
926680
305698
58707
508576
239078
192198
655312
341139
359361
754935
527629
21986
256433
686267
782436
973976
128521
941769
543257
925916
260283
189522
589216
97326
203799
858754
213670
642232
600483
699563
327170
764198
379661
308357
357643
860394
149217
712603
885159
761568
773278
957883
21196
394281
343547
639522
144610
850807
563375
782087
965470
648037
714579
123839
147563
731790
878267
940988
10016
541236
600318
501858
869781
315182
894510
586278
525973
595967
490076
976627
484251
687791
476664
709378
158168
534866
800187
977818
135473
531337
800938
518221
799658
383495
38628
405414
494900
818984
233714
463435
63559
101156
584043
393386
992658
140380
621275
856182
910179
614810
551713
753612
927678
159490
185765
328378
597791
100546
260214
44891
498476
166396
506488
683533
598930
729102
136203
209974
536774
847959
438426
703372
825042
228687
779910
987819
62834
505104
304222
310442
180147
982256
698104
660250
831018
982223
881119
82039
560234
381392
97024
714553
41098
89919
414051
510359
779544
719604
2812
209136
409361
822992
4823
913803
342073
264173
13663
64010
46900
220562
764270
11451
512488
121953
210232
655277
944125
490891
133095
182528
603492
468429
832780
708288
520962
133774
551320
696248
763643
211478
831351
709979
418620
476060
836003
784127
371904
530799
576863
438585
977410
954536
675256
478778
901575
50556
994952
852990
285761
432160
371780
304388
903692
695884
85958
279643
25806
63937
440343
580404
76704
529262
43534
385950
645113
79954
26161
871754
223065
637266
629475
433078
281855
494776
767183
403225
129832
375247
107236
11097
221901
967273
587102
161893
762889
562305
1800
167607
315549
147924
647912
690666
941621
815572
421319
447625
902870
229263
323926
346854
109418
215348
171273
779947
348205
931045
628511
17859
676258
248653
484335
181705
253524
492916
250884
847982
191380
606083
318800
954626
849540
869432
942837
408410
833094
40344
401496
424447
639235
756917
640930
898068
971710
525669
498658
572889
689504
213922
793351
730788
911201
866250
22223
415158
82201
161227
992518
129100
537880
51276
333419
971031
715314
14173
326040
533162
67885
243162
225103
173371
101207
123131
216256
12323
121908
788588
688756
633973
988642
39310
140074
992575
805717
178047
882426
243641
515189
231600
214752
816688
146839
89597
932290
684608
689804
153600
629036
392791
88324
751510
507614
313470
106180
80427
519026
443891
343615
252243
247572
932246
366083
406252
782446
1874
322230
886770
838220
984449
294725
222431
980105
702703
907886
744375
385153
791862
544902
248398
712148
598697
96536
133764
867955
206672
559974
616374
862936
722517
387485
567151
591886
743642
564829
294091
542094
208883
753223
294251
399812
104954
314706
444411
256409
673688
582539
627959
169491
637565
530300
293198
418176
965998
540238
914931
226344
909148
936233
754858
990042
198940
289180
8343
114925
589822
656695
379318
566555
564154
469687
37319
386221
639476
958945
793606
139104
455789
792691
390500
157054
799459
279045
440741
986065
450537
691024
816238
222251
333435
311834
97153
556621
782510
765433
290180
455253
511108
652061
288146
742052
877711
34506
78188
83258
626191
929875
426392
845562
540105
603895
228476
236775
929111
122546
899900
402476
805586
745325
314118
473003
236254
511499
501638
806482
675235
274604
172160
304349
658931
980083
525198
701165
990247
501220
39388
68888
860625
367127
512577
476965
366515
146811
834033
790570
753159
83959
586236
491153
820670
349437
480099
836716
526555
466786
335964
752279
268366
373302
113151
508530
105124
503119
60402
765953
900511
920297
779223
229480
770783
390408
799809
689808
46597
248334
192658
493323
832312
186500
932660
167446
883114
607871
7428
537761
542535
667828
501975
880673
102236
137814
784657
59034
927709
683588
592610
201403
191767
14716
599000
452172
36626
655420
512418
188554
215173
421497
933528
255157
133259
77207
127204
484460
841645
463665
827692
8242
922889
65451
548396
448295
661262
650540
146513
268636
802304
404118
132853
163513
808148
746122
792436
174755
518939
968647
618232
234384
513302
631482
435125
586883
91909
212543
441115
309364
575652
45056
140805
455896
816223
79569
997653
687238
526918
347620
496897
764546
615062
75543
302602
247253
535880
123102
85197
982306
111260
925645
479694
56149
257243
415354
805663
231373
603350
989390
295138
405492
209759
678171
399919
303440
882089
109638
524896
264504
640890
502150
89519
486895
763648
669202
219979
49652
310202
626730
435261
486426
411438
106123
283961
52087
532590
260944
768843
260751
752044
980616
947132
689053
411625
639491
311992
155303
627825
7762
716897
956500
966870
958015
845707
608744
871328
469687
400897
536799
647013
490972
626779
937247
44868
152911
926419
555411
445304
745698
946757
458031
666132
609082
799643
402244
98843
914155
143282
493290
81641
711357
275624
573517
18340
699359
132734
67902
626886
801984
284941
569100
275885
145709
567953
977546
231230
821383
720203
188707
937812
167795
468139
894786
83605
161300
813051
261412
934366
942803
488767
118805
615019
457346
45016
412030
873586
505221
811400
706084
194987
213373
418213
195420
131415
102384
289704
95680
619555
299685
44649
501918
182135
103383
575498
641152
687464
824096
192302
206209
593173
444360
359665
259428
557237
672639
235983
690462
763344
565554
291487
442608
356066
197069
577146
415577
526116
889206
588091
847414
741048
506194
742969
524697
777207
852474
423342
785292
412407
895503
561551
543275
257717
943845
578842
817736
529879
597850
863158
896661
729449
131729
328742
101177
946846
718874
768152
713011
809736
603216
28360
64701
623935
117616
9524
172406
911459
786094
237845
364430
288180
726451
489328
109194
957918
33339
59300
710380
223626
477259
46989
425719
839021
407106
712036
951156
522466
338837
67871
376669
641840
794458
175221
337815
261799
682020
366012
446834
174448
518824
628879
768938
93155
237177
366396
648785
365828
583930
988256
509876
269024
731370
520460
849416
464274
134639
54119
396959
623564
841960
878965
680473
59690
653816
430531
19014
247760
654550
278985
608292
400242
697462
7623
75754
310348
190501
253467
689141
670570
109206
454013
788483
598675
101596
39935
752340
932531
314013
61682
973373
214689
824986
220514
728299
818317
296266
548086
624782
896622
674730
260023
535698
172409
164456
75558
356287
491254
930350
290654
188976
95794
796042
263091
940840
448390
202724
423979
201368
634305
99696
331254
391575
807831
550703
464245
736213
855643
374312
414538
780702
356675
834022
751791
798241
17143
664347
727722
999821
939922
781511
74461
999787
62476
715704
337209
4722
678534
905211
821810
877685
773422
299971
687692
83012
807666
329351
364484
364868
244787
497609
675068
365265
475502
418982
781780
127648
425777
527566
677627
800688
761506
570000
319471
40893
545548
404428
159858
887857
623837
530923
629336
832866
859470
159752
583385
320541
497366
907052
391291
274582
465522
246294
722596
244008
826874
226513
158020
150574
274679
456785
259837
645007
720132
785522
255917
72572
367775
86983
684094
239054
789051
447276
880084
250097
860083
826562
262011
912349
137771
995527
195624
112373
93490
584678
772652
306192
855211
849173
819228
180686
684337
679072
777660
130339
968179
119006
625136
306012
820125
536866
534665
660655
271524
519015
99651
684882
764811
563900
357781
714786
286604
845928
388527
396379
928507
10693
369219
150101
696849
508931
657441
150831
60467
905616
851568
679873
857016
822938
15615
431897
582178
578076
562748
828497
716211
252783
98442
762370
262185
158566
146750
374692
680073
743073
774469
983611
742597
480819
483976
228169
577045
751727
501740
149204
684066
80650
14837
252891
300751
102204
819039
774518
180215
961436
759461
519528
943789
347766
95517
275246
297417
111442
572225
266283
532970
112099
868888
547930
846292
298040
461900
508101
469833
21600
548130
671413
762389
981197
458019
656471
772082
562078
294049
606006
660021
642976
548832
178841
844921
380940
261612
16473
827750
735833
526719
755650
276219
993709
877707
265802
719683
445552
500615
623623
471174
366741
13651
231014
283292
273289
528366
447020
276454
557191
380897
897555
451477
498964
140874
950110
99033
70334
951283
463540
839079
532095
398975
775033
550700
351535
898028
232471
817111
412492
278283
486676
289932
529671
445775
891072
534173
717871
606712
718502
673333
974338
632333
930471
973181
757489
296489
102315
870831
909348
582136
886376
169702
872521
7137
428142
954754
655538
889884
218315
516637
233912
47784
716430
72712
759944
638934
627691
915427
626301
357068
290519
96966
798758
585092
315148
412736
509150
980051
525574
98926
702309
572921
880571
116397
172178
206193
865087
3873
31153
561838
136496
310149
198081
67311
596344
185082
38042
605561
225625
303078
938983
911149
482473
207363
766440
492890
696248
403800
37090
712877
862819
570764
566257
574238
826704
824067
123023
968377
627232
953433
169009
916587
996835
261540
784173
263543
790268
689532
614753
126582
118159
792206
840890
475707
553061
817483
339049
439069
983847
656308
160988
420833
405895
353677
411527
430770
673041
483970
541367
2450
507313
822753
899410
609941
788454
865544
811127
953548
27801
325804
615342
81288
12249
10818
621005
203634
830112
589253
462157
7331
687289
812189
524091
489469
943984
297408
631936
283405
111203
389677
891392
798219
226357
12995
945459
64442
473107
128565
768106
762614
604312
529772
270158
880570
866265
818386
465361
554504
753505
934699
249822
811504
143704
157300
827910
305787
398690
891818
469092
160258
801526
590682
114610
152300
575090
403506
928755
320500
389355
385922
140644
649479
452335
623555
587518
552285
46948
686550
980608
694144
496562
502578
941771
96942
649802
49364
873802
442595
871732
647038
925003
994107
826629
161181
936522
178153
919523
601769
56691
78139
21045
511937
957736
602554
730018
606727
856238
174929
237724
568445
919692
235390
358265
645570
558676
510435
710925
683663
18176
759121
538750
296722
964759
765907
715638
381304
200254
152308
71163
452629
642864
777821
417762
998416
182721
305305
274751
218534
838746
342874
671792
582874
376213
827237
718656
786234
446676
211527
216691
909389
445383
51536
159515
300088
158777
856577
831947
277255
549076
286036
904550
835048
266937
107845
667575
642758
277085
597884
852740
838963
264945
546544
468387
982236
260660
102576
621183
37752
883519
10447
256271
116515
247139
815619
748813
619146
864471
504266
441299
347665
279382
256156
809125
918867
519603
280338
477014
624255
77934
93009
324681
922547
33574
78196
428326
300360
865132
673437
55057
609717
9366
282209
332974
815373
408926
505029
496407
698666
926262
378369
825731
697899
216041
755207
875384
488436
722766
731142
503328
768191
223230
910723
917208
206621
666033
244218
950719
446718
824583
60995
235665
699072
105436
350032
478484
343272
583509
443694
524467
861374
183265
129633
691086
948596
716815
366220
634083
208492
896349
194887
76734
730592
718952
591513
58282
377991
59716
89047
492939
865331
818257
91892
640717
382963
659428
580828
185094
316489
585886
894311
260990
433927
577451
405499
993231
917706
263059
689906
410012
269832
894689
776466
404838
564854
534510
237052
203036
3768
947666
406640
842401
532076
784239
401178
269707
176302
746579
937190
502819
998077
635976
156816
187690
58033
12528
902455
121130
170759
772690
334823
983035
120251
314917
569394
180562
41481
760282
732990
493054
369610
500346
384712
688297
392173
348313
993014
892322
935143
120617
333376
236181
297446
140442
310351
646919
411302
773068
946683
952808
86157
896667
451215
999384
723660
723035
908149
27956
337315
116854
64368
192251
281395
687047
302783
857468
860248
741651
482447
158309
463827
922743
372807
833386
283813
816308
430231
166941
229159
483675
100086
623373
431883
186962
117559
280454
737858
545987
124830
183100
704618
533018
470244
219613
566368
55822
523984
703666
60867
775744
751637
27621
412166
410385
784471
510353
711100
890781
537600
109062
735528
697738
337930
828143
234131
478290
384514
518687
57670
712148
537499
923151
401441
461841
145618
567094
230364
269246
140833
771391
360246
443372
994954
472730
741138
558895
277652
694105
660343
566097
833328
574553
371827
398912
132740
108986
484751
361654
74088
730955
571728
506543
583490
543415
137135
808756
205288
159890
929721
240518
396012
100805
698598
831947
318479
993353
301106
505131
972641
312300
801924
32356
184613
575560
750961
443722
392414
136649
343145
558096
912195
996851
448083
632874
769089
698294
751542
789903
148355
357812
112493
160363
545675
759959
42823
823105
794667
471633
358985
321719
978949
34016
475877
957938
645983
515760
931628
16292
973572
85919
664882
618134
907686
635126
829963
369755
602411
725067
518535
127
568618
630609
470087
334699
305162
521316
848576
445566
352335
602343
597733
549572
672991
164596
965175
566348
613012
986248
506476
453538
679215
455807
507966
248608
247856
576171
838817
631476
11099
324007
56541
12295
715409
28606
128665
575411
988982
248648
309440
790527
193439
434533
985457
719312
97624
146570
807966
724148
340976
602262
131099
132629
745899
148698
598879
746933
792872
670475
196777
285282
840825
475166
317980
126314
472177
149342
863369
109801
376734
13671
747012
640193
392060
800085
104699
411222
516605
430289
903361
600381
262264
796162
610970
579721
19819
879088
275488
605296
536012
789370
276865
83613
528285
111949
921942
538552
335480
447088
518460
404392
768606
760683
567447
633986
176499
152482
858417
883233
639447
365533
449248
391031
246538
512526
570275
217394
986130
556815
843503
911368
181986
899857
306488
522294
649601
757942
851345
323744
205735
256989
750442
935568
149209
785482
305498
142676
511067
165218
987281
882032
905858
832291
538493
382165
794462
171825
618841
438565
738343
879596
171674
751615
748199
407251
686205
901910
10264
492905
546465
171179
296584
701482
996877
514190
544909
735781
559627
95412
714096
237507
50729
847952
174471
317613
42045
429828
95483
353808
759002
675218
648113
425576
67581
293714
803673
285637
795454
600921
584095
7506
775470
95236
920177
449053
742455
355549
268021
245719
534104
305513
484547
749596
48598
842458
561484
158316
24119
141979
526682
813370
868787
893566
886786
592637
712490
978562
495300
279679
384426
969229
130817
678318
531493
997512
968803
824415
975648
618699
340748
407864
603881
707478
958931
377325
676394
60535
925182
54028
396705
771067
411182
216098
761893
947031
495697
680009
714451
101543
359221
708270
525279
118941
940593
955912
191539
238029
785909
856731
382610
726662
324851
134710
321351
550788
231610
182565
802332
628781
670090
405814
693072
514326
967013
421345
521176
815455
431854
713692
14085
712391
825417
158495
5520
594297
569014
76668
74632
650979
871669
32356
236417
853633
94208
367813
13677
883937
50109
124806
943012
648595
518478
607424
569579
136138
92118
443523
97495
954464
462618
255169
817971
887722
244034
41737
251234
193175
390217
338630
246119
2997
387313
167171
919581
612776
579553
973930
639897
925779
200699
431400
19883
126051
432337
483311
196786
938947
644877
916458
54060
29103
703166
574341
170980
508328
296693
684171
126557
108051
665436
56584
647671
814786
586313
891939
490003
385246
784366
894643
699509
189173
74350
454063
525609
867406
29157
739532
109102
974855
148667
228449
234346
48996
119204
398162
28969
230690
512706
760575
353067
439289
777831
314608
958714
914298
744769
454411
179241
718245
954873
169893
871624
587646
130451
666430
894499
811250
435100
439344
182604
286848
862352
501724
547303
47187
388360
416959
982644
370537
508733
335176
939584
353054
812345
167990
935537
567602
468104
939271
913210
557751
501363
175032
400686
599653
935407
246579
578228
118097
493202
296151
953866
373609
873055
119391
724120
754515
846937
523987
481760
927795
20726
46074
574811
631469
489398
795850
343397
259873
882364
678899
36445
436626
655483
584697
441424
162076
536499
225236
146082
59053
658571
70092
691474
81726
899533
53540
942250
425152
365598
445711
401272
397377
767472
25875
988995
530794
40283
370153
987917
346358
452298
946876
914292
416875
287495
97533
367024
157580
876653
133934
600507
346987
856150
385106
587272
68049
862457
630600
913247
620879
399606
772457
434666
622202
949089
405341
626965
629683
579052
514643
729776
152383
948174
911624
749198
58277
472694
97053
317136
69283
289909
503657
32002
202940
197417
841482
681972
546007
315922
642990
892618
660667
845425
125774
715089
798303
620103
879294
813125
111745
419595
358802
81648
980425
766258
518959
493345
528182
107327
980568
999440
209748
984426
371848
958078
577545
291238
490485
447244
111315
183185
492445
227956
790936
836407
915322
11007
746001
78181
890777
277170
855052
462601
668313
401894
418550
160598
669208
137012
962164
626839
449966
216220
596036
558688
907982
484624
299834
452550
722129
977520
922180
786311
341496
745091
126578
165244
364467
182281
961204
430346
764755
38974
649165
549507
107965
538540
93548
136248
565031
667008
445946
604208
136821
461486
283243
439734
812681
934951
404192
290921
697382
146577
58176
459048
836991
311327
813360
287990
597291
450677
243074
543315
936784
91872
486840
138006
109204
863019
363494
141500
732887
717896
343995
351701
494893
209361
889098
671520
576921
123249
46493
613007
175333
357426
604042
225404
273984
795806
187213
359569
522240
590145
321913
366625
310800
313287
531650
709515
630904
955014
506944
520150
846763
841843
402542
286167
994854
398622
827161
137178
889287
512330
436339
303513
262918
473882
132357
436855
906485
19030
309738
580302
493371
448555
248768
789714
504125
769788
592346
338181
254926
455920
71864
141643
937089
346355
367668
279362
227480
686000
842501
755117
139622
910695
442268
596445
693393
890006
128471
601468
140200
311096
168054
834447
860313
136741
971190
273075
348345
610031
849913
318413
610771
10793
24145
108244
375499
562544
625537
584042
116871
342955
75684
906077
74647
247537
205349
531305
642657
539745
255140
538133
222355
170596
932747
553963
798049
154261
558069
174881
841754
717148
320180
30132
151563
214131
676218
578492
915931
206704
999455
596252
514805
150253
541769
280833
943584
34510
247225
410664
491372
562227
801407
369797
37729
649335
467300
374566
621564
913588
777853
388530
54837
340091
8070
178873
219921
44791
575788
962532
676364
116487
215072
320194
532672
285310
319003
588490
504507
679594
362115
813693
197444
636341
842457
325607
310691
256984
579858
725686
997334
591718
677048
465673
376472
502422
69273
14467
818401
991784
422952
514235
582253
523811
973827
193695
648472
747483
279122
191205
912407
330984
592922
21952
577177
479001
673150
31075
279498
485107
825586
17675
757618
92033
812977
867156
590458
575822
890933
439343
939019
54673
338925
962865
461303
320970
708408
982908
745222
467010
440266
354243
889936
540099
132555
858131
705421
154064
726954
269356
462711
912264
627020
192281
138076
410775
6301
384417
666165
194617
644782
571792
982077
866649
236435
440473
647344
229488
852944
925118
700397
617110
571932
322924
781830
607550
14139
201581
387063
364210
883918
931065
120467
661085
858804
211976
533963
504072
288981
653813
433854
594560
464141
927976
481350
887399
807686
990488
872684
854613
177963
24191
106517
105345
828756
669134
551329
104282
800775
813677
613500
623428
892862
224154
212249
175966
854518
265737
670613
336360
735537
328778
2837
365730
592443
348187
423291
662437
489097
997757
619065
499926
170974
523605
373295
271501
344285
193512
972373
407707
946316
251812
448068
863320
241968
332831
96073
993680
123589
480391
849648
539707
624234
823660
285384
77189
744663
258186
187971
437974
409184
99441
634842
308011
518307
59149
478380
997205
468941
873685
45104
494498
317720
326844
508738
120583
542115
39669
399046
427864
598941
881653
105779
980019
684273
714860
467772
807932
781530
302260
230967
162365
610543
33713
24148
872353
593487
747031
57505
743726
399363
445046
428035
666246
89792
801554
595728
428461
336265
453076
514468
986149
721646
164379
736853
830183
393615
273569
526121
338771
540496
202008
241911
528908
976754
127058
194655
131747
83796
613925
53295
712477
630872
157290
594805
760274
181052
974595
110220
486659
679137
993334
221387
706840
665546
811577
664606
904131
646019
449392
427317
422958
371277
207886
572086
96740
747633
606171
332697
349235
372293
88544
955780
750653
16257
700127
317705
252332
748601
626766
376809
599877
687076
174238
575920
800640
127877
925155
142914
589213
41906
908628
638242
209474
186437
585707
201205
72678
958017
176402
389581
598707
193727
134468
653752
359412
690894
330058
435370
983678
996678
728601
408127
485147
221692
271332
322841
916481
638878
994638
32979
411816
945907
819185
450440
9254
540916
643556
190831
123361
390028
464447
178915
206607
59857
399792
499198
248178
830628
90855
788092
585022
785522
299157
739060
925043
270836
269562
442024
443589
316259
861904
742619
511342
311892
328483
425543
836256
82877
469727
742700
456624
206046
920470
95801
461564
439874
713557
163009
184242
327857
461907
77087
693968
513884
384964
12749
990808
339510
943673
333120
931529
715563
748531
200105
241130
425444
535109
704972
831201
361220
578635
752062
179457
769706
901133
980585
745743
221550
483223
451690
799118
735086
655447
231661
503236
666501
480807
876661
677616
595442
697918
855358
657500
116342
25284
103560
102197
157172
685028
709254
349099
445781
976702
131043
597521
852586
917451
610755
516065
391897
920617
527913
963366
531868
365495
579876
200535
271813
114392
319397
75575
907605
845292
215347
922979
453491
205025
741634
999506
723536
945083
804167
682435
241916
348147
325464
234523
515019
561064
80781
962174
852922
267254
257378
776657
124233
801014
91161
890734
42496
573070
140007
748905
360290
644802
828668
749540
636744
433089
701633
753910
797997
172146
443075
810013
852330
566783
602710
165630
94181
402549
503939
114746
8326
595
142133
5936
605774
74187
933260
677999
236893
485345
952094
311659
888547
115429
172334
738266
558848
856649
199832
379485
903171
21753
792987
365864
730419
665914
733240
517536
332946
766817
790140
143155
253896
365455
463889
581753
609924
439494
863072
919860
299258
469802
15009
463609
527215
531283
106198
312569
527563
866761
208653
746394
841566
402217
594798
664492
58307
710883
601094
291886
667455
678062
582608
208242
582474
440354
280160
3559
801146
303040
297798
655117
563261
215885
370283
669116
794309
675190
638203
915477
614887
867257
398038
783793
936816
771526
149988
600784
531630
647
567745
224614
799297
993419
868504
704938
907830
253276
875706
410601
261699
270362
60863
184848
174712
161682
326630
354206
809747
1344
885533
129407
914186
498046
373110
942813
171555
563136
113379
917238
739503
994743
94471
187523
17697
43626
578353
977074
239
231110
4776
893502
654417
642764
263029
69643
583574
946742
790114
226114
872823
736899
631011
858554
516498
699203
165722
608305
616372
461285
562227
744075
640983
342399
142534
658079
982747
427733
176767
560900
638827
150095
208690
474018
354414
37994
52587
56500
359933
670342
911968
197856
556986
300731
182064
676994
324956
495944
840428
220257
326814
553601
154353
331191
677682
730114
479421
400153
707444
958936
269754
766677
502230
790808
797647
416984
365200
414771
868384
65456
401738
593606
198470
824016
300463
391707
807225
694853
875851
287687
274682
978398
809516
675089
512510
321583
505221
238199
156466
670086
309684
991879
397337
570160
166497
860287
105032
898693
312531
692848
61449
529621
929172
724970
537522
651292
231810
104007
892102
571254
142833
947813
883020
653406
391902
646447
760925
934471
7319
53482
690588
963124
795963
749007
821329
344485
120069
333822
687672
298146
22208
472296
585355
441517
747329
982292
969072
482080
398533
217590
222313
893052
